round	accuracy	loss	timestamp
1	0.947820	0.228269	2025-12-16T03:36:10.020051Z
2	0.949810	0.223250	2025-12-16T03:36:10.020084Z
3	0.949960	0.222252	2025-12-16T03:36:10.020093Z
4	0.949990	0.219488	2025-12-16T03:36:10.020099Z
5	0.950000	0.218599	2025-12-16T03:36:10.020105Z
6	0.950000	0.218074	2025-12-16T03:36:10.020111Z
7	0.950000	0.217862	2025-12-16T03:36:10.020118Z
8	0.950000	0.217417	2025-12-16T03:36:10.020124Z
9	0.949990	0.215118	2025-12-16T03:36:10.020129Z
10	0.950000	0.214729	2025-12-16T03:36:10.020135Z
11	0.949990	0.214605	2025-12-16T03:36:10.020141Z
12	0.950000	0.213590	2025-12-16T03:36:10.020147Z
13	0.949990	0.212524	2025-12-16T03:36:10.020152Z
14	0.950000	0.210905	2025-12-16T03:36:10.020158Z
15	0.950000	0.211080	2025-12-16T03:36:10.020164Z
