round	accuracy	loss	timestamp
1	0.947180	0.226521	2025-12-16T03:44:37.006411Z
2	0.949390	0.223139	2025-12-16T03:44:37.006609Z
3	0.949850	0.220102	2025-12-16T03:44:37.006622Z
4	0.949860	0.219880	2025-12-16T03:44:37.006629Z
5	0.949950	0.218496	2025-12-16T03:44:37.006634Z
6	0.949960	0.218762	2025-12-16T03:44:37.006641Z
7	0.949980	0.217137	2025-12-16T03:44:37.006647Z
8	0.949970	0.215751	2025-12-16T03:44:37.006653Z
9	0.949990	0.215688	2025-12-16T03:44:37.006660Z
10	0.949960	0.214085	2025-12-16T03:44:37.006666Z
11	0.949990	0.213901	2025-12-16T03:44:37.006672Z
12	0.950000	0.213627	2025-12-16T03:44:37.006679Z
13	0.950000	0.212481	2025-12-16T03:44:37.006686Z
14	0.949990	0.211823	2025-12-16T03:44:37.006692Z
15	0.949990	0.210387	2025-12-16T03:44:37.006697Z
