round	accuracy	loss	timestamp
1	0.948340	0.226197	2025-12-16T03:51:00.160909Z
2	0.949900	0.221857	2025-12-16T03:51:00.161051Z
3	0.949950	0.220559	2025-12-16T03:51:00.161058Z
4	0.950000	0.219808	2025-12-16T03:51:00.161063Z
5	0.950010	0.220405	2025-12-16T03:51:00.161068Z
6	0.949990	0.217587	2025-12-16T03:51:00.161072Z
7	0.949990	0.218171	2025-12-16T03:51:00.161077Z
8	0.950000	0.216442	2025-12-16T03:51:00.161081Z
9	0.950000	0.216067	2025-12-16T03:51:00.161085Z
10	0.949980	0.215089	2025-12-16T03:51:00.161090Z
11	0.950000	0.214095	2025-12-16T03:51:00.161094Z
12	0.950000	0.213040	2025-12-16T03:51:00.161099Z
13	0.950000	0.212974	2025-12-16T03:51:00.161103Z
14	0.949990	0.212588	2025-12-16T03:51:00.161107Z
15	0.950000	0.211939	2025-12-16T03:51:00.161111Z
